sample	CD3D.915	CD4.920	CD8A.925	GZMB.3002	PRF1.5551	TNF.7124	IFNG.3458	IFNGR1.3459	HLA.A.3105	HLA.B.3106	HLA.C.3107	HLA.DRA.3122	type
TCGA-3N-A9WB	2.4233	107.028	6.462	2.4233	11.3086	1.6155	0	596.527	41634.5	21357.7	12594.2	487.48	low
TCGA-BF-A1PU	0.974	177.273	5.8442	1.2987	23.7013	0.3247	0	422.403	33676.6	8847.57	24075.2	640.584	low
TCGA-BF-A1PV	10.4603	175.135	8.9659	9.8625	6.575	9.8625	0.2989	367.005	3199.53	4684.58	3431.98	1347.58	low
TCGA-BF-A1PZ	48.2774	402.108	137.194	163.166	145.443	6.7222	3.3611	416.775	46855.1	47665.6	46427.4	3108.09	low
TCGA-BF-A3DJ	48.9402	1487.16	153.714	84.0944	127.176	21.0236	6.5483	1026.02	83978.6	90168.2	65943.2	24016.9	high
TCGA-BF-A3DL	17.1527	678.265	45.5771	52.4381	189.169	6.371	0	407.253	32026.9	11516.9	18413.5	1926.49	low
TCGA-BF-A3DM	5.7655	1473.73	24.0231	7.3671	14.4138	4.8046	0.6406	1040.68	31540.2	39481.9	29274.3	923.767	high
TCGA-BF-A3DN	14.498	349.112	33.0555	33.6354	36.535	2.6096	0.29	920.623	15017.3	10820.4	14802.5	2935.27	high
TCGA-BF-A5EO	188.855	853.457	297.73	188.855	316.305	56.7595	2.064	261.61	40021.7	32834.2	28372.7	8281.22	low
TCGA-BF-A5EP	10.5275	196.074	33.337	28.0733	58.7784	0.4386	1.3159	646.124	19405.6	11836	6011.99	1433.05	low
TCGA-BF-A5EQ	171.86	1140.92	498.961	216.902	394.446	22.7397	13.1191	1154.04	66408.1	66255.5	47836.6	15390	high
TCGA-BF-A5ER	15.4103	341.081	6.6778	20.0334	44.6899	2.0547	0	203.93	36471.9	6747.01	3455.12	1518.43	low
TCGA-BF-A5ES	94.2197	1010.98	114.451	41.0405	100	20.2312	2.3121	998.844	165181	83459.2	33470.8	11095.4	high
TCGA-BF-A9VF	15.539	99.0612	36.9051	24.6034	38.8475	3.2373	0.6475	329.557	10485.3	2874.85	2473.16	1127.23	low
TCGA-BF-AAOX	32.7511	126.092	48.5808	29.476	30.5677	8.7336	2.1834	1206.88	253983	16755	17737.4	2887.01	high
TCGA-BF-AAP1	18.4526	360.958	25.2509	15.8627	25.2509	3.561	0.6475	671.091	31456.6	32580	17678.4	3744.58	low
TCGA-BF-AAP2	140.952	860.13	208.003	111.752	158.616	10.8147	6.1283	627.974	62183.3	61501.5	49510	8350.04	low
TCGA-BF-AAP6	17.1647	407.184	15.8932	22.5683	29.2435	35.9186	0.6357	589.002	9936.43	4181.89	2847.03	3760.97	low
TCGA-BF-AAP8	69.6085	724.674	197.017	19.2666	58.4214	4.972	1.8645	794.904	79270.3	47889.4	19660	3959.6	low
TCGA-D3-A1Q1	2.149	421.203	34.0258	3.9398	50.1433	0.3582	0.3582	545.487	16255.6	3045.08	4285.87	674.069	low
TCGA-D3-A1Q9	85.6672	1073.48	543.328	112.356	406.919	2.9654	16.4745	995.717	14522.2	13171.9	13107.5	6577.27	high
TCGA-D3-A1QA	39.3035	482.587	167.164	30.8458	124.627	5.2239	7.4627	1342.29	71649.4	16756.1	45330.2	2891.04	high
TCGA-D3-A1QA	78.966	722.025	256.02	89.5892	159.348	3.8952	13.4561	1547.8	35505.9	16318.5	25969.8	7860.13	high
TCGA-D3-A2J6	165.229	600.199	906.768	614.466	1147.31	10.6171	43.7956	815.196	41526.5	23685.2	13542.4	6829.13	low
TCGA-D3-A2J7	134.505	1362.37	600.178	118.711	260.858	14.2657	11.7183	734.683	47058.4	48686.7	34621.9	11094.1	low
TCGA-D3-A2JC	158.66	1613.65	715.785	158.66	396.851	7.2669	27.8563	922.891	28034.6	28303.8	14150.8	24503.4	high
TCGA-D3-A2JE	20.1296	136.813	16.7178	19.7885	21.4944	1.3647	0.3412	452.064	1586.15	1945.14	1221.36	796.315	low
TCGA-D3-A2JG	31.1562	232.357	73.9489	26.6517	23.6486	2.2523	1.5015	912.538	51115.3	13810.4	12445.3	2686.94	high
TCGA-D3-A2JK	15.5039	1282.95	34.8837	31.0078	100.775	7.7519	0	538.76	90864.3	18058.2	14379.8	3065.89	low
TCGA-D3-A3C1	53.2258	841.936	143.145	109.274	135.484	2.8226	0	510.887	12466.5	24545.5	13421.1	17729.8	low
TCGA-D3-A3C6	4.3695	306.18	7.1785	12.1723	32.4594	3.1211	0	705.68	21463.8	12253.6	9088.81	893.571	low
TCGA-D3-A3CC	13.5395	951.765	23.3864	4.6157	22.4633	9.8469	0.6154	1120.7	19634.6	14375.6	14985.1	5745.67	high
TCGA-D3-A3ML	3.6028	62.4484	12.3095	4.8037	9.6074	0.3002	0.3002	459.957	13519.8	7529.93	15191.7	540.119	low
TCGA-D3-A3MO	9.5956	561.686	6.5113	14.3934	272.104	1.3708	0	814.599	10969.8	2243.47	5710.95	504.112	low
TCGA-D3-A3MV	13.5962	591.126	21.3213	11.7422	43.2607	5.5621	0.309	580.929	9514.25	7190.17	8571.24	1589.83	low
TCGA-D3-A51N	123.038	1608.91	215.317	198.368	102.323	72.8186	38.9203	900.816	57475.1	83073.6	47424.8	16629	high
TCGA-D3-A51T	87.218	787.97	187.469	130.326	138.847	21.5539	4.01	781.955	104343	70750.2	30673.9	12191	low
TCGA-D3-A5GL	9.769	212.476	26.8648	9.769	35.0056	1.2211	0.8141	891.422	54089.3	14940.7	14624	1181.64	high
TCGA-D3-A5GS	142.145	1760.1	772.569	57.8554	306.234	43.3915	46.8828	1104.24	66173.5	54242.4	33962.6	19809	high
TCGA-D3-A5GT	7.446	142.219	6.7014	5.2122	11.9136	1.4892	0	568.876	67480.4	1834.7	1280.71	1311.24	low
TCGA-D3-A8GC	26.2404	734.732	75.7646	26.2404	72.8079	4.435	2.5871	1168.25	15603	11443.4	6507.27	7162.89	high
TCGA-D3-A8GI	5.3524	819.804	18.7333	27.6539	190.009	0.8921	0	296.164	60022.3	13871.4	18502.4	3192.69	low
TCGA-D3-A8GK	4.0863	121.057	24.0072	8.6834	23.4964	1.0216	0	278.892	8261.52	2507.71	3932.34	776.912	low
TCGA-D3-A8GL	0.4105	123.974	2.8736	3.2841	8.2102	1.2315	0	577.586	43307.6	11757.8	10167.1	775.041	low
TCGA-D3-A8GM	112.418	868.196	367.731	174.384	317.616	15.9147	27.4274	1642.6	61039.5	46663	25538.1	8383.65	high
TCGA-D3-A8GP	23.4332	125.886	105.177	18.5286	93.188	2.7248	2.1798	396.73	74726.1	81368.7	46798	3450.68	low
TCGA-D3-A8GR	9.4073	358.42	20.6961	18.8147	34.8071	2.8222	0.9407	860.771	97427.9	29533.8	45962	904.045	low
TCGA-D3-A8GV	14.5934	243.095	67.5903	89.4803	145.549	0.384	2.3042	891.731	25099.7	7061.36	9216.38	1614.49	high
TCGA-D9-A148	64.2168	711.784	339.269	29.5511	188.672	39.7803	7.9561	836.808	46435.3	21233.6	25054.8	6664.06	low
TCGA-D9-A149	116.804	1604.46	470.666	231.749	477.568	45.9251	16.7242	496.682	87752.2	59414.1	54311.9	13018.8	low
TCGA-D9-A1JW	242.631	2472.81	784.843	305.647	638.928	41.1124	7.7507	447.182	55861.7	61450.6	34540.8	18628.3	low
TCGA-D9-A1JX	236.77	2535.05	1244.67	331.959	1454.3	33.3333	44.6735	682.131	95151.9	66220.8	41234.8	11842.3	low
TCGA-D9-A1X3	0	199.659	1.7933	3.8856	7.1734	3.5867	0	834.802	15811.6	6689.39	5764.49	1148.04	low
TCGA-D9-A3Z4	105.019	1235.52	290.734	131.274	176.834	27.027	18.1467	1335.52	44921.2	56817.4	37071	13052.1	high
TCGA-D9-A4Z2	15.984	555.112	28.971	20.646	30.969	19.647	0.666	1540.46	11199.4	4855.82	4478.51	4084.92	high
TCGA-D9-A4Z3	18.0416	747.439	125.862	7.3026	138.749	5.1547	0.8591	1012.91	3082.95	4331.64	2571.86	4563.67	high
TCGA-D9-A4Z6	14.985	954.545	69.9301	41.958	97.9021	3.4965	5.994	818.681	27474	7909.59	17535.5	702.797	low
TCGA-D9-A6EA	15.1347	304.54	31.0078	30.2695	45.7733	5.5371	0	980.805	47650.7	43023.1	19259.6	5273.16	high
TCGA-D9-A6EC	12.5429	377.894	18.3319	14.7941	21.8696	1.9297	1.9297	639.686	74094.2	12767.8	26316.4	3916.59	low
TCGA-D9-A6EG	2.3594	837.278	4.1289	4.4238	35.6853	2.3594	0	1274.64	15878.2	3015.89	1781.58	568.016	high
TCGA-DA-A1HW	380.233	2718.96	1626.76	379.377	1542.89	39.6491	63.0393	1285.6	42906.5	41591.9	33495.3	13060.3	high
TCGA-DA-A1I2	73.165	737.728	205.937	58.4385	102.852	13.7915	8.6489	1315.33	85745.6	118098	80442.4	10550	high
TCGA-DA-A1I8	5.5888	1596.21	23.2865	16.1453	36.9479	6.8307	0.3105	747.341	14659.5	11671.7	6581.18	3415.35	low
TCGA-DA-A1IA	2.2009	482.447	40.9376	7.9234	73.0714	2.2009	0	112.248	26158.7	19904.4	17385.4	1829.43	low
TCGA-DA-A1IC	55.355	515.844	178.901	50.1404	84.637	12.0337	3.6101	663.057	33675.9	30687.3	19187.1	5225.03	low
TCGA-DA-A3F3	28.2747	742.354	133.872	12.1177	51.356	25.9665	1.4426	854.587	54292	29600.3	21189.6	7149.16	low
TCGA-DA-A3F5	17.8006	192.642	90.5854	41.1392	187.896	3.5601	1.1867	537.975	17562.5	8842.94	10632.1	1655.06	low
TCGA-DA-A95W	118.623	743.273	346.861	59.0614	275.286	11.0115	17.0177	512.033	68740.3	73053.6	21540.8	6323.08	low
TCGA-DA-A95X	52.9931	1215.9	220.15	28.4593	135.754	6.2152	3.5983	759.895	37560.2	25815.8	27321.6	14154.4	low
TCGA-DA-A95Y	28.4289	347.132	17.9551	15.9601	51.3716	0.9975	0.4988	420.948	113611	54437	34074.7	2253.87	low
TCGA-DA-A95Z	33.9595	467.486	72.2543	52.0231	108.382	7.948	2.1676	703.757	7393.73	10393.9	12559.9	3936.42	low
TCGA-DA-A960	3.8265	232.143	7.6531	20.4082	20.4082	2.551	0	247.449	96118.4	16677	9524.55	1089.29	low
TCGA-EB-A1NK	38.4847	619.229	75.9003	32.0706	142.179	12.8282	2.9398	726.398	25809.6	22937.5	17792.4	7719.12	low
TCGA-EB-A24C	5.988	247.22	5.7029	2.8514	11.6909	2.5663	0.2851	1339.32	40170.1	11204.6	15371.6	2347.59	high
TCGA-EB-A24D	56.4641	559.821	76.7774	29.9535	108.452	11.0174	3.7872	591.496	62426.6	54579.1	38819.4	6931.66	low
TCGA-EB-A3HV	45.0425	1191.34	68.3271	51.1499	91.2301	8.016	0.3817	566.466	35707.6	27641.4	29698	12616.9	low
TCGA-EB-A3XB	63.7388	746.211	215.313	79.6735	141.858	41.197	10.8822	1403.03	104622	73527.6	31054.2	11890.8	high
TCGA-EB-A3XC	51.8214	543.356	82.6065	83.6326	88.7635	27.1934	3.0785	1462.8	69073.7	30557.8	43460.1	8211.39	high
TCGA-EB-A3XE	194.328	1050.95	272.584	149.685	196.954	35.7143	3.6765	803.571	70226.4	89820.8	43302.6	23983.2	low
TCGA-EB-A3XF	33.3944	1043.37	94.0745	132.763	151.497	79.8208	9.774	1105.27	65034.3	60029.1	56034.4	10383.6	high
TCGA-EB-A3Y6	52.1999	637.584	211.036	79.7912	154.735	12.6771	11.5585	1074.2	89893.4	55014.8	36307.3	6640.94	high
TCGA-EB-A3Y7	9.3978	191.825	8.2921	40.9079	24.3236	10.5034	0	139.861	36399.8	4951.57	9674.12	927.615	low
TCGA-EB-A41A	32.0717	301.358	53.7417	25.1372	30.627	9.5348	1.1557	1709.33	27484.9	17726	13284.7	15431.1	high
TCGA-EB-A41B	76.0821	303.618	261.31	44.085	138.654	11.0212	11.7323	899.12	19455.2	6573.87	4504.96	3542.8	high
TCGA-EB-A42Y	26.7349	513.367	77.9295	72.81	67.975	16.2116	7.3948	1812.86	34686.6	19758.6	14509	4076.79	high
TCGA-EB-A42Z	45.8508	484.017	128.834	50.3713	76.5257	4.5205	4.8434	899.257	26173	46640.2	23297.8	18389.1	high
TCGA-EB-A430	106.109	461.736	385.209	187.46	411.254	18.9711	18.328	390.354	69070.4	65003.6	33659.1	10943.4	low
TCGA-EB-A431	18.7038	180.948	45.672	50.4567	55.6764	6.5246	0.8699	952.588	48849	16798.9	21668.3	2575.03	high
TCGA-EB-A44O	14.1038	183.742	58.766	31.3419	73.6534	5.8766	3.9177	1083.65	17041.6	4066.73	7103.52	2054.46	high
TCGA-EB-A44P	57.8512	246.194	177.903	153.11	154.85	13.0492	13.9191	824.271	32179.1	39860	19762	4211.4	low
TCGA-EB-A4IQ	9.2486	273.673	24.3826	21.0194	37.4146	18.9175	0.4204	798.318	15463.2	9999.9	11167.1	2353.34	low
TCGA-EB-A4OY	145.746	1033.39	284.468	301.15	261.64	15.8038	3.512	340.659	112875	19861.1	29751.4	5459.33	low
TCGA-EB-A4P0	59.4634	525.502	191.443	83.6355	102.006	6.2847	7.7351	824.269	155560	58285.9	54651.5	12679.2	low
TCGA-EB-A4XL	128.545	752.059	306.038	134.95	184.812	26.9899	13.7237	1859.56	26261.6	26990.8	15467.2	10175.2	high
TCGA-EB-A550	47.3402	473.89	78.5749	39.5315	46.8521	15.6174	0.9761	2581.75	39449.5	44354.2	20559.4	6986.82	high
TCGA-EB-A5FP	6.3144	84.7458	9.6378	15.2875	24.9252	1.994	0.3323	823.529	36722.2	2496.26	10481.8	476.238	low
TCGA-EB-A5KH	14.7149	641.938	25.7511	7.9706	47.2103	1.8394	0	281.422	3562.14	4417.52	3198.67	2250.77	low
TCGA-EB-A5SE	20.2543	189.522	79.5704	33.2749	88.2508	7.957	2.5318	535.653	36507.1	16076	13823.6	1710.76	low
TCGA-EB-A5SF	4.828	726.61	14.4839	22.5305	16.0932	5.6326	0	299.334	89808.3	20510.2	21992.1	3274.17	low
TCGA-EB-A5SH	158.927	995.356	132.611	46.9556	125.387	9.2879	0	312.693	32944.2	14459.6	6674.56	5528.9	low
TCGA-EB-A5UL	216.794	711.069	770.229	458.779	754.198	27.8626	69.4656	857.634	68717.5	37238.5	29342.8	10377.9	low
TCGA-EB-A5UM	391.586	1141.75	828.479	214.239	376.052	55.0162	23.9482	467.314	47245.3	51594.1	32351.5	14776.7	low
TCGA-EB-A5UN	39.9113	162.749	132.594	47.0067	151.22	10.643	8.4257	1122.39	42273.2	35920.6	15894	2828.38	high
TCGA-EB-A5VU	10.3861	596.7	63.3219	18.092	49.2504	20.7723	2.3453	735.405	7700.81	5834.07	4719.57	4316.61	low
TCGA-EB-A6QY	40.0038	215.115	60.3831	26.0402	65.2892	9.8122	5.6609	1906.6	25530.3	4874.93	6246.88	3006.32	high
TCGA-EB-A6QZ	7.4276	212.78	17.4768	21.4091	25.7783	9.6122	0.4369	539.596	45423	27853.1	24579.4	2029.93	low
TCGA-EB-A82B	145.528	1030.24	478.624	378.371	537.759	31.4155	13.3978	513.735	71029.2	68980.3	82957.3	14181.8	low
TCGA-EB-A82C	3.5367	167.109	9.7259	10.168	16.3572	15.9151	0	452.255	39929.6	21740.6	34123.2	6593.28	low
TCGA-EB-A85I	443.661	655.208	1111.8	367.269	842.662	27.031	51.1238	1283.38	199359	146825	94445.8	25159.4	high
TCGA-EB-A97M	87.8416	1342.72	325.178	257.523	365.552	15.2768	7.0928	211.693	138676	133061	45541.4	14186.1	low
TCGA-EE-A17X	13.4253	569.666	57.6923	70.3919	172.351	1.4514	0	1075.47	33258.7	4189.7	3909.36	2246.73	high
TCGA-EE-A17Z	2.2338	2167.91	13.0305	2.6061	15.6366	1.1169	0	480.268	9906.43	1227.41	855.983	572.971	low
TCGA-EE-A180	20.9091	422.424	88.4848	30.303	74.5455	3.9394	0.6061	393.03	41891.8	35233.9	27220.7	2110.61	low
TCGA-EE-A184	103.925	666.916	556.262	411.215	603.738	8.2243	7.1028	494.953	32126.7	20063.6	12720.4	8995.14	low
TCGA-EE-A185	0	88.9503	2.2099	2.2099	16.0221	0.5525	0	525.414	34085.6	2708.44	9538.52	409.392	low
TCGA-EE-A20C	1.9868	243.709	7.6159	1.9868	3.9735	2.9801	0	1980.13	45370.2	45052	24245	1121.52	high
TCGA-EE-A20H	15.8985	331.637	62.7572	14.5039	46.5798	3.626	1.9524	456.036	27164.9	17017.7	15240	2046.44	low
TCGA-EE-A20I	60.1213	674.572	284.887	131.55	242.968	16.5472	8.8252	504.413	62521.4	41251.6	20992.2	6918.09	low
TCGA-EE-A29A	2.1252	246.52	11.4759	5.1004	23.8019	1.2751	0	534.693	30417.3	34450.2	12667.8	2006.59	low
TCGA-EE-A29B	13.4315	1148.18	58.9255	29.0295	210.572	3.0329	0.4333	431.543	54263.4	27039.1	23028.1	9038.13	low
TCGA-EE-A29D	6.1239	1425.21	19.7848	4.9462	19.5492	2.5909	0.2355	708.955	14353.5	6507.84	8058.94	1985.54	low
TCGA-EE-A29E	1.1409	2881.06	5.1341	15.6874	19.1101	3.1375	0.2852	1225.33	21504.5	25611	11144.5	19935.3	high
TCGA-EE-A29H	102.088	996.705	213.132	51.0442	182.684	11.6417	5.3731	714.618	50147.3	17744.4	19874.7	7386.63	low
TCGA-EE-A29L	3.8899	40.9935	5.386	1.7953	8.079	0.5984	0	858.47	26939.9	3038.12	4204.26	294.734	low
TCGA-EE-A29M	212.853	977.219	591.295	477.729	673.58	8.1605	30.2618	925.876	57346.8	24504.7	27942.7	9912.95	high
TCGA-EE-A29Q	13.6269	310.164	26.0335	10.5761	22.7793	5.4914	0	606.295	12577	13743.5	8155.93	2421.11	low
TCGA-EE-A29V	5.4379	144.82	12.593	14.024	14.024	5.7241	0	267.602	40123.9	4877.76	7983.72	2050.66	low
TCGA-EE-A2A2	158.35	915.25	215.779	123.223	160.022	7.806	9.7575	874.547	31139.6	20524.9	8544.51	9488.43	low
TCGA-EE-A2A5	22.8758	837.493	35.9477	10.101	57.041	5.6447	0.5942	881.462	9183.84	5852.35	10673.8	3489.9	low
TCGA-EE-A2A6	314.913	1084.89	1223.7	657.124	1074.9	32.9561	56.2583	1024.63	39894.1	50327.5	16312	16398.5	high
TCGA-EE-A2GB	29.8115	518.82	109.225	59.623	73.4014	8.7681	5.2609	583.704	20505.8	14862.5	11692.5	5495.33	low
TCGA-EE-A2GJ	135.432	3623.99	823.479	74.8618	385.878	32.3267	16.6738	1127.35	18317.8	21105	15013.4	29364.5	high
TCGA-EE-A2GM	27.9647	487.546	196.883	43.7831	216.091	9.8865	7.3443	795.157	23286.3	14787.9	7291.24	2934.6	low
TCGA-EE-A2GN	20.9938	1011.52	70.2973	21.3118	67.1164	7.316	1.2723	605.002	22042.7	14317	7367.59	4510.48	low
TCGA-EE-A2GO	7.3926	247.505	21.8822	48.4956	65.9422	1.4785	1.4785	599.985	10542.7	6293.29	11727.3	2148	low
TCGA-EE-A2GR	2.5065	83.5509	6.2663	0.4178	9.1906	2.5065	0	999.269	19112.7	6450.27	11512.3	949.556	high
TCGA-EE-A2GS	55.4896	909.495	189.614	128.783	178.635	5.3412	2.6706	511.573	47233.8	37763.4	18417	5011.57	low
TCGA-EE-A2M6	38.6743	2281.5	141.903	89.5616	146.846	14.2484	4.071	877.879	5127.91	8469.93	4605.19	8962.27	low
TCGA-EE-A2MD	92.4545	992.544	161.348	36.6836	124.068	5.0701	4.1754	2343.57	18041.7	8695.45	6831.84	6620.34	high
TCGA-EE-A2MF	61.7739	1210.54	265.514	79.626	257.58	5.9507	2.2669	684.613	62570.6	52867.2	38357.8	5935.68	low
TCGA-EE-A2MH	508.834	1984.15	623.436	399.58	515.71	40.4928	17.5723	1058.92	29985.6	69193.7	36280.9	16727.7	high
TCGA-EE-A2ML	255.226	1750.95	667.762	79.6178	588.786	10.9153	22.4728	1061.36	52993.9	61922.1	67579.5	8869.68	high
TCGA-EE-A2MM	33.4726	714.281	78.6008	11.3568	52.5998	10.1613	1.1954	989.234	38928.4	43318.9	21381.2	6845.14	high
TCGA-EE-A2MP	165.276	2083.72	948.718	153.846	702.811	18.5357	13.2839	799.506	115354	118316	96124.9	24308	low
TCGA-EE-A2MQ	30.9385	744.242	139.223	51.5641	124.098	3.4376	3.7814	939.154	39864.8	15475.6	15779.1	6218.63	high
TCGA-EE-A2MS	112.038	1286.44	454.677	19.942	258.158	5.4387	19.5794	569.978	14342.5	20801.6	16836.5	11780.6	low
TCGA-EE-A2MT	35.2825	218.669	112.001	102.565	77.1292	2.8718	4.1026	501.339	21388.6	42771.5	19886	3688.25	low
TCGA-EE-A3AC	123.088	1481.62	678.268	221.901	423.525	4.2838	13.7082	592.878	31729.5	40734	23335	17639.8	low
TCGA-EE-A3AD	2.164	125.821	15.4571	7.7286	17.312	5.2554	0	481.336	60276.5	45872.5	27524.2	918.773	low
TCGA-EE-A3AE	153.408	1781.41	713.534	172.762	327.024	60.9079	44.1156	821.972	44811.2	58813.2	38715.2	23433	low
TCGA-EE-A3AH	15.6478	342.717	19.6364	4.9091	17.1819	1.5341	0	1098.11	24392.6	4692.5	9824.34	1440.82	high
TCGA-EE-A3J4	39.7533	665.182	113.777	59.9726	85.6751	9.2529	3.7697	1036.33	4510.56	16011.8	12439.2	5675.46	high
TCGA-EE-A3J7	46.2927	366.638	256.462	56.1685	246.586	2.7776	13.8878	1222.44	26107.4	44729.2	21346.6	2049.22	high
TCGA-EE-A3J8	2.9351	463.742	19.5672	3.9134	5.8702	3.9134	0	1505.69	2320.66	3285.58	1435.98	1358.94	high
TCGA-EE-A3JI	22.6933	1828.68	70.0748	9.9751	78.3042	2.7431	0.2494	1009.98	15726.1	12424	14898.6	3333.67	high
TCGA-ER-A198	92.0867	1210.08	121.656	174.599	433.681	8.7299	15.4886	2402.99	36274.3	42842.1	27064.2	11687.4	high
TCGA-ER-A19B	20.111	385.229	106.449	49.5839	72.4688	10.0555	0.6935	489.598	6243.74	6041.98	11697.6	1688.28	low
TCGA-ER-A19C	13.2688	501.703	30.4823	25.8203	38.0133	10.7585	0	1365.97	50717.5	14270.3	16212.8	4089.65	high
TCGA-ER-A19F	32.22	723.379	99.4106	14.5383	82.5147	19.6464	1.9646	481.336	14972.5	6369.84	6542.94	6617.68	low
TCGA-ER-A19K	62.7757	639.294	152.698	77.0275	136.41	7.8045	12.2158	1929.76	201523	66886.9	47049	7692.91	high
TCGA-ER-A19L	16.8776	843.413	31.4112	9.8453	62.3535	1.8753	0.4688	1382.56	6388.98	10497.1	12255.3	5730.9	high
TCGA-ER-A19T	0.8989	215.281	19.7753	0.4494	4.4944	0.4494	0	553.708	22370.3	7806.18	8942.13	659.775	low
TCGA-ER-A19T	70.6919	1733.97	183.506	23.0756	114.645	0.7326	1.8314	995.913	11729	30321.4	26509.1	14405.8	high
TCGA-ER-A2ND	42.7092	814.927	164.797	162.64	71.1821	6.4711	10.7852	1319.24	32693.7	35104.1	15803.2	4260.57	high
TCGA-ER-A2NE	0.2988	132.656	2.3902	5.9755	51.6881	0.5976	0	646.25	22838.3	9409.01	6009.88	124.29	low
TCGA-ER-A2NF	295.618	1912.72	674.569	34.4828	320.762	12.5718	13.2902	505.388	75661.6	45166	44336.9	12086.9	low
TCGA-ER-A2NF	181.476	760.919	631.024	36.5211	352.033	3.012	2.6355	444.277	110358	61885.5	70337	4135.92	low
TCGA-ER-A3ES	1.8001	198.916	12.601	0	4.5004	0	0	1042.28	12215.6	1629.75	5776.94	360.929	high
TCGA-ER-A3PL	26.4556	693.484	97.5821	9.9751	88.9082	5.6381	2.6022	865.662	34140.3	68796.1	23524	6246.99	low
TCGA-ER-A42H	4.8278	1000.84	13.7406	2.2282	13.3692	1.1141	0.3714	616.099	14964.5	8173.55	6022.35	3596.32	low
TCGA-ER-A42K	15.0614	381.688	26.5557	11.0979	30.1229	2.3781	0.3964	573.524	28782.8	24293.6	16966.8	3172.02	low
TCGA-FR-A2OS	9.3676	505.068	3.6429	5.9848	10.4084	10.6686	0	1384.32	11050.3	8362.77	3692.77	10646	high
TCGA-FR-A3YN	123.945	1044.81	660.751	64.8822	327.029	4.3643	13.0928	940.937	78169.6	78989.3	48598.5	14668.3	high
TCGA-FR-A3YO	7.0175	603.509	10.5263	25.0627	466.667	5.0125	0	429.073	39625	22034.9	20893	2655.64	low
TCGA-FR-A726	5.2044	327.262	18.3683	19.2867	35.8182	11.9394	1.5307	1338.13	23005.3	4270.04	9434.88	3891.64	high
TCGA-FR-A7U8	5.4618	369.911	28.3019	11.4201	58.0933	0.993	0.4965	291.956	11533.2	9523.28	9400.75	2080.44	low
TCGA-FR-A8YC	78.5673	622.184	540.15	34.0843	229.925	2.3108	4.6216	724.437	73714.4	58871.1	46550.1	5989.6	low
TCGA-FR-A8YD	40.7561	953.928	92.7348	37.212	61.4294	7.088	2.3627	132.9	24446.1	15118.4	9229.46	5453.04	low
TCGA-FS-A1YW	51.2989	715.883	63.7948	8.5498	42.4203	18.7438	2.6307	643.867	34775.6	8233.96	10212.9	5326.87	low
TCGA-FS-A1YX	27.3718	1024.45	65.3734	63.2474	55.5408	5.3149	1.063	914.696	55393.3	48035.3	43808.9	5338.83	high
TCGA-FS-A1YY	6.4086	594.463	14.0989	6.665	34.6065	1.5381	0.5127	2361.7	26326.3	3544.42	3460.7	3182.26	high
TCGA-FS-A1Z3	23.295	420.993	39.0121	17.1204	36.7668	3.6486	0	1053.05	26151.8	12211.5	19410.7	4154.65	high
TCGA-FS-A1ZE	11.059	268.432	26.1394	3.6863	12.3995	2.681	1.0054	1560.32	16445.1	6038.71	4104.39	2170.91	high
TCGA-FS-A1ZF	30.4279	354.992	88.748	14.897	60.2219	10.7765	3.4865	585.42	10967	6912.69	4415.99	2599.68	low
TCGA-FS-A1ZG	5.193	1007.45	17.7656	26.5118	36.0779	3.2798	0.2733	546.908	20325.2	7953.9	9783.58	1727.09	low
TCGA-FS-A1ZJ	65.4198	667.153	286.616	91.0048	294.065	14.8976	18.1362	121.772	8359.16	6233.01	5449.6	4134.73	low
TCGA-FS-A1ZK	0.585	188.088	4.6803	5.5578	7.6054	2.6326	0	605.217	32846.8	9335.06	22338.3	895.978	low
TCGA-FS-A1ZN	11.1715	140.701	35.0242	10.2657	37.1377	4.2271	2.7174	741.244	43791.9	25375.2	29516.4	4496.07	low
TCGA-FS-A1ZQ	38.0788	1079.01	98.3124	45.6945	83.0809	2.4232	0	352.055	39880.2	19379.5	26126	6088.45	low
TCGA-FS-A1ZR	40.3753	697.469	184.817	80.7506	157.521	23.884	5.6867	765.425	46179.3	35482.4	37335.4	8400.63	low
TCGA-FS-A1ZT	205.941	1584.16	839.604	236.591	698.407	23.0736	34.0938	895.049	26092.8	24791.5	15563.2	8118.12	high
TCGA-FS-A1ZU	2.8352	625.354	10.1256	2.4301	14.9858	3.2402	0	668.692	8636.25	4675.97	3350.76	1416.77	low
TCGA-FS-A1ZY	1.1108	358.789	14.0702	6.2945	23.3269	2.2216	0	663.89	6286.74	3507.54	2368.97	472.461	low
TCGA-FS-A1ZZ	7.1536	154.731	24.3753	9.5382	31.529	2.3845	0.2649	669.527	52232.9	39505.1	37075.6	1254.01	low
TCGA-FS-A4F0	1.1746	180.297	8.222	7.0474	14.6821	2.3491	0	932.609	40874.1	47776.3	24792.2	899.134	high
TCGA-FS-A4F2	11.6783	942.276	5.6723	5.005	59.3927	19.019	0	857.524	14622.9	14270.4	8019.59	8478.81	low
TCGA-FS-A4F5	8.597	290.235	22.6961	30.2615	28.1982	6.5337	2.0633	802.272	23156.5	24225.2	20528	3289.21	low
TCGA-FS-A4F9	13.0493	369.603	34.9261	18.4226	169.257	0.7676	0.3838	2080.21	52913.4	19210.1	13347.6	2530.8	high
TCGA-FS-A4FB	0.8136	304.676	7.7288	5.6949	14.2372	4.4746	0	640.675	14292.9	2315.1	7804.72	1249.21	low
TCGA-FS-A4FC	45.2486	774.711	148.429	91.1828	167.968	25.3666	8.227	1426.36	44659.6	41886.8	42284.8	7083.12	high
TCGA-FW-A3I3	20.989	286.019	122.376	14.5856	62.6112	3.9132	1.423	707.577	10891.3	8329.61	8928.31	2291.71	low
TCGA-FW-A3TU	72.5483	1382.56	125.923	33.6831	158.052	34.7195	2.0728	535.303	195594	50151.2	38720.9	14704	low
TCGA-FW-A3TV	95.4907	764.198	259.811	50.6019	194.79	4.897	5.169	2084.2	67615.5	18164.2	20097.9	7885.47	high
TCGA-FW-A5DX	6.9885	370.391	42.6667	18.023	65.8391	1.4713	2.2069	439.172	1855.62	2898.37	2236.34	1897.93	low
TCGA-GF-A2C7	5.0617	303.069	9.4907	8.858	19.9304	8.2252	0	1437.2	11027.4	3878.8	6223.06	2185.38	high
TCGA-GF-A6C8	128.789	855.013	423.333	706.747	798.569	7.9499	14.7073	981.815	18297.5	25518.6	13197.1	5366.19	high
TCGA-GF-A769	4.0278	395.459	21.2376	10.2527	30.758	1.0985	1.0985	635.298	17659.4	6587.97	18382.7	2030.39	low
TCGA-GN-A262	0	12673.1	0.3771	0.7542	4.9024	0.3771	0	1751.67	9552.84	815.748	1622.64	18.4784	high
TCGA-GN-A263	93.9174	884.337	168.925	122.912	51.0558	2.5213	3.7819	5830.44	65768	22921.9	15420.4	7539.87	high
TCGA-GN-A267	229.386	908.245	843.149	46.4972	221.947	6.8196	13.6392	454.433	46787.3	88023.9	27577.5	8893.37	low
TCGA-GN-A268	6.6157	290.777	45.365	24.8877	78.4437	2.5203	1.2601	515.712	10999.1	2457.24	2287.18	1575.8	low
TCGA-GN-A26D	22.2866	392.541	66.8598	11.2919	53.4879	4.4573	1.1886	1136.02	25270.3	26660.6	21918.6	7405.1	high
TCGA-GN-A4U3	13.7263	352.442	39.9677	11.304	53.2903	1.6149	0.8074	700.444	13223.9	5100.59	8940.59	1149.37	low
TCGA-GN-A4U4	65.8812	204.69	86.6672	22.5476	59.5397	0.7046	0.7046	1086.16	5368.76	4190.21	2882.33	2195.57	high
TCGA-GN-A4U7	5.064	147.87	6.5832	17.2177	12.6601	0.5064	0	387.399	42737.9	2942.34	3076.78	708.458	low
TCGA-GN-A8LK	3.3767	84.9011	24.1196	3.3767	18.8133	0	0.4824	674.867	36498.7	10142.3	13006.3	293.295	low
TCGA-GN-A8LL	28.6378	485.294	106.037	37.1517	184.984	2.322	0.774	167.957	570089	35203.6	40320.3	1470.59	low
TCGA-GN-A8LN	24.7124	733.703	55.3899	55.3899	57.9463	20.8777	2.1304	945.462	15615.1	11587.4	9346.12	8759.69	high
TCGA-HR-A5NC	7.3898	495.119	11.9374	7.9583	38.0861	28.9909	0.5684	1505.82	32968.2	13408	17426.4	3789.85	high
TCGA-IH-A3EA	31.976	916.313	38.9708	79.94	160.879	65.9505	0	235.823	91755.2	28201	18924.7	7624.28	low
TCGA-LH-A9QB	10.7211	239.163	15.6693	19.3804	89.8922	4.1235	1.237	1217.26	15171.2	28609.1	12686.9	2297.2	high
TCGA-OD-A75X	19.6452	580.001	41.785	71.4087	87.6238	6.5484	5.9247	1104.81	41321.6	35798.4	36039.1	4119.88	high
TCGA-QB-AA9O	359.588	1326.18	968.182	482.102	526.653	19.0932	55.6884	845.668	20627	25604.5	23760.8	19442.4	low
TCGA-RP-A690	16.7653	557.199	44.3787	1.4793	21.6963	0.4931	0.4931	1309.66	19839.2	11765.4	16942.2	3603.06	high
TCGA-RP-A694	72.5863	1256.33	285.213	79.5517	300.243	8.7983	6.5988	1086.59	65565.1	43015.9	29148.8	12217.2	high
TCGA-RP-A695	78.7499	805.903	318.852	18.8315	205.863	11.5557	7.7038	669.374	77648.2	64555.7	31895	6195.14	low
TCGA-W3-AA1O	14.2349	329.893	22.7758	15.3025	53.0249	1.0676	0.3559	620.996	19603.4	6439.4	8099.04	2444.13	low
TCGA-W3-AA1Q	166.061	953.096	526.853	52.4689	245.035	9.7365	6.491	1742.29	102441	66819.4	45975.9	35156.4	high
TCGA-W3-AA1R	77.2654	416.592	290.547	190.849	214.349	3.2046	14.2425	536.585	59897.4	51713.6	21149.5	8200.46	low
TCGA-W3-AA21	89.6767	264.338	141.814	38.5819	57.8728	6.2565	1.5641	310.219	79416.5	59982.4	32841.4	1646.51	low
TCGA-WE-A8JZ	32.849	360.076	138.977	16.8457	61.4866	5.0537	3.3691	790.061	16743.7	13510.8	14008.7	5114.34	low
TCGA-WE-A8K4	480.037	985.314	2270.31	199.174	1167.05	44.0569	120.239	1437.82	117777	77714.5	40052.8	11634.7	high
TCGA-WE-A8K5	118.493	1120.44	360.14	40.7925	128.205	23.6985	20.5905	1149.57	94968.4	79544.1	52223.2	17864.8	high
TCGA-WE-A8K6	11.8382	624.794	45.599	8.769	31.1301	21.0457	0.4385	500.274	20915.9	22766.8	32284.8	4007.89	low
TCGA-WE-A8ZM	2.98	198.808	59.1741	0.4257	7.2371	2.1286	0	520.221	20375.8	18571.6	11516.9	1173.69	low
TCGA-WE-A8ZO	120.856	1983.58	684.984	75.0279	459.495	12.5722	22.3056	1019.97	58724.1	87251.9	46374.8	30319.4	high
TCGA-WE-A8ZQ	1.3204	263.644	4.8415	2.2007	4.4014	2.2007	0	851.232	11128.6	7577.52	6398.71	878.521	low
TCGA-WE-A8ZR	50.2416	533.862	136.267	27.8317	64.3382	2.1687	1.4458	677.72	11661.5	15789.6	11797.8	5250.79	low
TCGA-WE-A8ZT	38.2946	312.044	55.7357	22.7492	42.8444	1.8958	0.3792	5330.91	14350.1	10705.3	6057.86	1768.75	high
TCGA-WE-A8ZY	21.0414	431.17	65.6205	51.3552	115.549	3.2097	2.1398	1075.25	38117.3	19039.5	23128.2	5237.52	high
TCGA-WE-AAA0	159.459	611.838	128.261	57.544	87.0093	11.4395	3.8132	1231.65	93942.8	58291.3	49623.4	6989.86	high
TCGA-XV-A9W2	26.1118	190.561	40.5566	44.4456	31.1119	12.2225	2.2223	2099.5	43113.7	16036	21967.8	3131.75	high
TCGA-XV-A9W5	94.0171	473.825	191.774	264.957	294.338	10.1496	12.2863	688.034	60670.4	64676.8	22833.4	5299.68	low
TCGA-XV-AAZW	14.447	213.544	17.6072	18.5102	27.088	4.9661	1.3544	914.221	20911.4	9246.89	7356.27	2221.67	high
TCGA-XV-AAZY	337.528	1908.22	277.572	325.685	326.425	20.7254	2.2206	304.959	168719	69591.2	42337	7192.45	low
TCGA-YD-A89C	9.5362	250.108	13.4374	15.1712	32.9432	0	0.4335	485.046	5129.09	2490.54	1392.43	986.129	low
TCGA-YD-A9TB	73.4433	1220.86	212.879	76.6365	145.822	2.1288	5.8542	1139.97	49154.8	57170.5	39364.3	11906.9	high
TCGA-YG-AA3O	75.3697	642.501	303.169	44.2755	181.158	7.4356	10.8154	673.595	17444.9	11011.1	8157.81	6845.46	low
TCGA-YG-AA3P	15.4502	343.634	60.2025	4.2621	33.5642	3.1966	0	948.322	6488.55	9433.13	7187.01	1894.51	high
TCGA-Z2-A8RT	210.077	2067.44	383.333	188.372	293.798	52.7132	15.5039	932.17	53208.8	61147.7	50798.8	21642.2	high
TCGA-Z2-AA3S	74.0154	669.595	340.989	17.8559	182.59	4.896	3.168	535.676	14875.6	8283.99	7934.02	4486.72	low
