gene	IFNGR1|3459	ENO1|2023	FASN|2194	FKBP4|2288	ODC1|4953	GADD45A|1647	JUNB|3726	VEGFA|7422
TCGA-3N-A9WB	596.527	37348.9	28535.5	1834.81	1139.34	224.96	1374.39	699.111
TCGA-BF-A1PU	422.403	21440.9	16638.6	5363.64	1162.99	240.909	750.974	175.325
TCGA-BF-A1PV	367.005	26102.5	6440.53	4000.0	953.078	527.794	1236.4	690.078
TCGA-BF-A1PZ	416.775	56382.9	41335.6	1676.27	1460.85	506.302	1582.16	399.358
TCGA-BF-A3DJ	1026.02	33708.4	12063.1	2339.82	1376.53	765.121	1468.21	3599.52
TCGA-BF-A3DL	407.253	64446.9	10301.4	5489.34	1526.59	89.1938	1573.63	815.486000000001
TCGA-BF-A3DM	1040.68	76201.5	6322.55	2076.23	1772.58	451.634	1120.12	9785.70999999999
TCGA-BF-A3DN	920.623	23429.1	8686.92	1565.49	976.586	516.709	1827.33	1561.44
TCGA-BF-A5EO	261.61	117167.0	44302.4	2901.44	1485.04	750.258	2031.99	752.322
TCGA-BF-A5EP	646.124	62537.6	16362.8	7342.91	1675.18	700.515	1023.8	2020.84
TCGA-BF-A5EQ	1154.04	27055.4	3423.2	3501.48	1276.48	726.796	1821.36	398.382
TCGA-BF-A5ER	203.93	64979.6	18050.1	12554.8	1308.85	333.376	2175.42	748.427
TCGA-BF-A5ES	998.844	33522.5	16612.7	2322.54	936.416	267.052	3361.85	209.827
TCGA-BF-A9VF	329.557	48456.5	41552.6	5072.84	3491.74	483.004	1500.81	757.527
TCGA-BF-AAOX	1206.88	60989.6	19375.0	4456.88	1967.79	660.48	2302.95	146.834
TCGA-BF-AAP1	671.091	18771.4	13127.5	4394.3	1055.36	223.049	904.176	1470.06
TCGA-BF-AAP2	627.974	33866.6	8986.66	2482.7	1138.07	452.415	899.423	186.734
TCGA-BF-AAP6	589.002	33393.5	10937.1	1807.06	1174.51	620.788	1713.92	782.263
TCGA-BF-AAP8	794.904	8906.76999999999	5376.63	3036.05	726.538	454.941	2597.89	1060.91
TCGA-D3-A1Q1	545.487	35811.6	9497.13	22241.4	6198.42	119.269	898.996999999999	2445.56
TCGA-D3-A1Q9	995.717	30726.9	7137.73	3883.03	1617.46	322.24	1591.76	462.933
TCGA-D3-A1QA	1342.29	27386.3	9165.67	3109.2	2126.62	271.393	665.92	1599.25
TCGA-D3-A1QA	1547.8	77406.9	18436.6	2942.99	2768.06	542.493	958.215	2020.54
TCGA-D3-A2J6	815.196	59273.4	12907.8	4064.03	4626.41	448.905	1926.01	561.048
TCGA-D3-A2J7	734.683	21303.8	4673.54	2124.57	1324.16	803.974	1360.34	323.526
TCGA-D3-A2JC	922.891	46169.6	4741.62	2854.26	1415.42	516.754	18798.1	668.147
TCGA-D3-A2JE	452.064	55860.1	7330.6	6190.72	3232.34	158.649	862.163	1748.55
TCGA-D3-A2JG	912.538000000001	43272.9	2762.39	4430.93	2511.26	643.018	1606.23	1933.18
TCGA-D3-A2JK	538.76	62189.9	66674.4	2903.1	313.954	368.217	1271.32	1042.64
TCGA-D3-A3C1	510.887	99591.5000000001	3331.45	1944.76	320.565	962.903	8534.68	791.936
TCGA-D3-A3C6	705.68	31963.5	6218.48	5096.44	1448.19	151.685	1104.24	2118.29
TCGA-D3-A3CC	1120.7	33039.2	5830.91	3042.08	2131.86	648.358	1095.16	296.638
TCGA-D3-A3ML	459.957	16511.6	11347.9	4855.36	1809.2	619.38	392.104	447.947
TCGA-D3-A3MO	814.599	73307.1	10073.3	4031.19	2910.56	353.324	2153.87	9723.44000000001
TCGA-D3-A3MV	580.929	44623.4	16897.3	5495.03	6573.15	851.617	2065.7	1138.68
TCGA-D3-A51N	900.816	29325.8	5365.35	3531.7	1897.05	1636.53	3551.79	4197.11
TCGA-D3-A51T	781.955	39211.0	3819.05	2012.03	358.396	461.654	2027.57	3068.67
TCGA-D3-A5GL	891.422	38547.7	3622.27	2419.46	1537.4	605.678	1389.23	777.043
TCGA-D3-A5GS	1104.24	25101.7	15236.9	3724.19	853.367	433.416	1362.59	3366.08
TCGA-D3-A5GT	568.876	18784.8	19927.0	4956.07	1191.36	609.829	1043.93	1567.39
TCGA-D3-A8GC	1168.25	53659.4	16646.4	6643.63	10384.9	1357.48	2008.32	1410.7
TCGA-D3-A8GI	296.164	118181.0	58029.4	4598.57	1187.33	206.958	9348.79999999999	1298.84
TCGA-D3-A8GK	278.892	69123.7	21798.5	4524.58	1295.88	195.122	1777.55	911.250000000001
TCGA-D3-A8GL	577.586	27381.0	8948.28	5207.31	239.737	314.45	1146.14	2032.43
TCGA-D3-A8GM	1642.6	17360.5	7236.1	1923.3	1702.87	957.928000000001	1098.11	1334.12
TCGA-D3-A8GP	396.73	45516.1	15902.5	4658.31	760.218	260.49	693.733	5900.27
TCGA-D3-A8GR	860.771	43746.0	5112.89	2901.22	399.812	1286.92	1336.78	3202.26
TCGA-D3-A8GV	891.731	65561.0	36205.7	5773.98	2913.68	874.065	1348.73	1513.48
TCGA-D9-A148	836.808	26929.9	21579.4	4303.95	2218.89	367.116	958.422	736.22
TCGA-D9-A149	496.682	23909.7	7552.16	2574.73	582.692	434.563	806.477	484.205
TCGA-D9-A1JW	447.182	34623.7	13481.8	5573.77	1181.48	202.866	1595.97	212.976
TCGA-D9-A1JX	682.131	47923.0	10367.7	3517.53	1026.46	212.028	765.292	2867.7
TCGA-D9-A1X3	834.802	25943.7	7911.04	2623.06	571.479	353.887	647.995	292.016
TCGA-D9-A3Z4	1335.52	31772.6	11447.5	4890.73	1397.68	515.058	1267.95	2080.31
TCGA-D9-A4Z2	1540.46	25803.2	12261.4	2753.58	1888.44	480.187	441.891	1988.01
TCGA-D9-A4Z3	1012.91	13692.3	10635.5	2710.11	1247.45	451.041	1683.88	1930.02
TCGA-D9-A4Z6	818.681	25223.3	3455.54	5202.3	1414.09	143.357	7868.63	831.169
TCGA-D9-A6EA	980.804999999999	61424.9	34860.5	2170.17	1818.01	667.405	844.223	1532.3
TCGA-D9-A6EC	639.686	55859.8	3407.48	4392.9	3654.48	477.594	1161.98	890.865
TCGA-D9-A6EG	1274.64	28330.0	16452.7	2632.75	1274.94	971.761000000001	640.271	1047.26
TCGA-DA-A1HW	1285.6	43626.0	21914.9	4683.73	3810.03	222.492	1013.76	597.304
TCGA-DA-A1I2	1315.33	19756.0	2889.9	2609.16	550.958	385.928	876.344	2587.19
TCGA-DA-A1I8	747.341	74497.6000000001	17074.6	3723.36	7973.61	3916.79	1979.97	8345.26
TCGA-DA-A1IA	112.248	68095.5	88000.4000000001	5576.32	1352.7	261.032	984.703	208.65
TCGA-DA-A1IC	663.057	22561.6	9205.78	2372.64	1158.04	222.623	712.395	397.112
TCGA-DA-A3F3	854.587	41133.6	23680.6	3623.49	845.932	257.069	867.282	532.025
TCGA-DA-A3F5	537.975	40122.2	15962.4	5558.54	16175.2	1964.79	3985.76	1268.2
TCGA-DA-A95W	512.033	33260.1	13888.4	5047.25	551.073	722.251	398.915	2113.2
TCGA-DA-A95X	759.895	35115.1	9862.94	1494.6	1105.66	1370.62	2061.83	3781.49
TCGA-DA-A95Y	420.948	59726.7	10275.3	3954.11	3442.39	307.232	1099.25	704.239
TCGA-DA-A95Z	703.757	19826.6	11763.0	4583.81	1619.22	506.503	1244.94	1287.57
TCGA-DA-A960	247.449	25232.1	8005.1	2908.16	588.01	1725.77	753.827	474.49
TCGA-EB-A1NK	726.398	44243.5	12816.7	3317.97	3886.68	599.719	807.911	223.158
TCGA-EB-A24C	1339.32	11647.8	9190.19000000001	4822.64	592.814	258.911	809.524	190.476
TCGA-EB-A24D	591.496	18444.8	28763.0	6455.16	1260.46	188.673	442.761	444.138
TCGA-EB-A3HV	566.466	42246.8	25901.3	2954.86	1356.24	237.046	2629.26	466.838
TCGA-EB-A3XB	1403.03	43808.4	25860.1	3877.96	1457.44	532.452	905.169	653.712
TCGA-EB-A3XC	1462.8	64733.7	12897.4	3755.77	4326.32	603.899	1104.67	473.576
TCGA-EB-A3XE	803.571	18834.0	4337.18	2965.86	566.702	271.534	1498.42	211.66
TCGA-EB-A3XF	1105.27	26636.9	3782.12	2603.14	1114.64	610.874	1139.48	391.366
TCGA-EB-A3Y6	1074.2	19100.3	22220.0	3627.52	1536.17	546.98	683.445	452.274
TCGA-EB-A3Y7	139.861	53037.7	12509.5	4121.75	1574.4	195.695	1540.68	239.367
TCGA-EB-A41A	1709.33	11961.0	2416.35	1718.0	412.309	635.654	1884.72	518.636
TCGA-EB-A41B	899.12	25476.8	9776.91	4013.87	2613.46	1262.82	1321.84	633.188
TCGA-EB-A42Y	1812.86	43235.5	5562.86	1687.43	985.779	1217.58	1300.06	776.451
TCGA-EB-A42Z	899.257	45054.6	16929.9	3652.57	2457.22	869.228	735.551	726.832
TCGA-EB-A430	390.354	41042.1	7701.93	5965.27	904.823	444.051	1316.4	1003.22
TCGA-EB-A431	952.588000000001	57266.6	129796.0	6377.99	2729.01	588.952	610.265	973.467
TCGA-EB-A44O	1083.65	40582.3	30409.1	4108.53	4072.88	775.32	669.933	892.46
TCGA-EB-A44P	824.271	49132.2	3354.94	1365.38	615.92	484.123	2178.77	2686.82
TCGA-EB-A4IQ	798.318	59266.0	82410.8999999999	5338.52	2751.02	344.298	5222.91	1134.21
TCGA-EB-A4OY	340.659	62600.6	31975.5	7322.42	2689.28	292.37	1122.07	270.42
TCGA-EB-A4P0	824.268999999999	31771.8	5144.79	2371.77	498.912	442.833	405.125	183.708
TCGA-EB-A4XL	1859.56	31909.0	13644.6	2493.6	445.105	606.587	1238.33	1035.22
TCGA-EB-A550	2581.75	34698.9	5359.69	2941.92	2586.63	410.444	2713.52	2603.22
TCGA-EB-A5FP	823.529	43494.5	33703.2	1508.47	1748.42	320.372	449.651	702.227
TCGA-EB-A5KH	281.422	67182.7000000001	14830.8	11288.8	637.033	145.31	874.31	546.904
TCGA-EB-A5SE	535.653	16938.4	34379.5	2272.1	901.677	399.66	845.255	437.637
TCGA-EB-A5SF	299.334	64035.0	11957.3	6129.92	2309.38	229.329	5528.83	397.503
TCGA-EB-A5SH	312.693	24913.8	10966.5	18635.2	927.245	260.578	1090.3	371.517
TCGA-EB-A5UL	857.634	90037.0	26366.4	4208.4	2312.98	650.382	1975.19	1604.96
TCGA-EB-A5UM	467.314	11617.5	33642.1	3881.55	741.1	155.987	1637.54	901.618
TCGA-EB-A5UN	1122.39	21847.5	10534.8	2307.76	2391.57	638.138	1209.76	1405.77
TCGA-EB-A5VU	735.405	37449.4	8466.37	7391.57	2439.07	407.069	944.133	3538.99
TCGA-EB-A6QY	1906.6	35986.4	4926.13	2353.81	2078.69	1328.8	1088.4	697.802
TCGA-EB-A6QZ	539.596	40495.5	8102.68	1169.63	1597.38	543.528	768.979	4005.24
TCGA-EB-A82B	513.735	70012.0999999999	16464.9	5748.57	1175.77	1112.94	3281.53	727.637
TCGA-EB-A82C	452.255	63082.7	16637.5	3155.17	855.438	971.263999999999	1322.28	275.42
TCGA-EB-A85I	1283.38	64258.6	5259.88	2246.51	1702.95	632.29	2429.85	2743.65
TCGA-EB-A97M	211.693	97641.1000000001	67609.6	3527.3	829.312	279.347	1302.89	1207.96
TCGA-EE-A17X	1075.47	120063.0	16453.9	5980.77	3205.73	188.679	1183.96	554.79
TCGA-EE-A17Z	480.268	110185.0	12979.2	7828.0	1904.32	329.114	472.077	971.333
TCGA-EE-A180	393.03	20740.0	28545.2	2723.64	939.393999999999	130.0	751.212	324.242
TCGA-EE-A184	494.953	22110.3	18609.3	3294.58	1711.4	357.757	1222.8	298.692
TCGA-EE-A185	525.414	60193.4	11273.5	5769.61	1079.01	472.928	2404.42	1902.76
TCGA-EE-A20C	1980.13	53513.9	5635.1	2360.6	1199.67	983.113000000001	481.126	1542.05
TCGA-EE-A20H	456.036	46754.4	26785.9	7205.64	5417.2	241.824	1142.46	10745.1
TCGA-EE-A20I	504.413	43763.7	30483.7	2877.83	2092.39	773.304	1095.97	1550.47
TCGA-EE-A29A	534.693	37696.3	10790.8	2670.49	1722.24	569.546	1046.01	1768.14
TCGA-EE-A29B	431.543	20375.2	8050.26	3198.44	220.537	289.861	682.842	485.702
TCGA-EE-A29D	708.955	25797.9	4933.24	2376.53	1691.13	153.568	838.969	659.493
TCGA-EE-A29E	1225.33	38997.7	5305.19	3422.7	2294.64	274.957	1246.15	817.456
TCGA-EE-A29H	714.618	63957.0	40488.3	3548.02	808.647	478.203	701.633	880.288
TCGA-EE-A29L	858.47	51311.3	13459.3	4701.69	750.451	538.002	628.966	641.833
TCGA-EE-A29M	925.876	38816.7	13260.5	5451.21	821.489	224.754	441.346	664.06
TCGA-EE-A29Q	606.295	36637.6	47784.2	2719.07	2182.95	578.634	1060.25	302.639
TCGA-EE-A29V	267.602	84346.3	19641.4	4288.78	1215.8	203.492	1488.27	260.733
TCGA-EE-A2A2	874.547	43104.5	7773.91	1890.44	1432.95	212.155	1522.72	718.428
TCGA-EE-A2A5	881.462	38195.8	8070.11	4890.08	3959.3	658.645	710.636	494.355
TCGA-EE-A2A6	1024.63	32517.0	17677.1	4653.13	1827.23	500.333	1348.54	1269.97
TCGA-EE-A2GB	583.704	36551.9	9235.8	2233.86	1719.55	214.943	786.622	678.399
TCGA-EE-A2GJ	1127.35	52222.2	5533.65	2823.65	815.653	417.865	1533.65	1443.47
TCGA-EE-A2GM	795.157	26215.1	16351.4	3382.88	2626.14	550.255	382.466	301.68
TCGA-EE-A2GN	605.002	36754.3	7993.85	5083.35	1193.46	353.713	711.243	3159.24
TCGA-EE-A2GO	599.985	26511.1	10872.8	1738.15	2462.04	848.673	1765.95	6491.31
TCGA-EE-A2GR	999.269	28935.8	16174.2	2385.8	195.091	247.728	455.353	960.418
TCGA-EE-A2GS	511.573	32880.7	6493.18	3202.08	1477.45	315.134	368.843	840.058999999999
TCGA-EE-A2M6	877.879	86010.0000000001	13289.7	7102.41	13792.2	643.797	1533.89	1045.08
TCGA-EE-A2MD	2343.57	27167.9	44843.7	7702.36	3357.29	303.012	3753.06	234.715
TCGA-EE-A2MF	684.613	61361.9	2518.84	3298.67	925.191	505.809	1495.32	660.244
TCGA-EE-A2MH	1058.92	30046.4	34165.2	4947.76	3475.5	645.593	1379.81	530.608
TCGA-EE-A2ML	1061.36	16410.6	9299.87	1589.47	1536.82	555.719	1367.63	999.075
TCGA-EE-A2MM	989.234	29426.6	5115.63	929.163	179.616	217.572	1495.51	1215.17
TCGA-EE-A2MP	799.506	58197.4	9041.4	3491.81	972.196999999999	387.087	1160.95	1121.72
TCGA-EE-A2MQ	939.154	59424.5	19724.3	3342.39	1891.72	602.269	1246.48	1220.69
TCGA-EE-A2MS	569.978	9297.68	6889.05	3684.55	1577.23	247.643	1122.55	1357.87
TCGA-EE-A2MT	501.339	55830.0	5619.76	2558.8	785.651	328.619	3806.82	4663.85
TCGA-EE-A3AC	592.878	45622.2	9175.61	2623.4	1353.68	368.978	1519.04	2666.24
TCGA-EE-A3AD	481.336	27513.1	13192.7	3163.46	788.314	183.94	754.309	7398.72
TCGA-EE-A3AE	821.972	18202.6	9002.7	2229.97	1094.92	111.285	1735.31	390.209
TCGA-EE-A3AH	1098.11	44676.8	13954.1	2718.42	1081.54	199.126	611.184	16914.9
TCGA-EE-A3J4	1036.33	35650.8	4827.28	5198.08	464.702	1014.05	647.019	763.879
TCGA-EE-A3J7	1222.44	45473.7	24980.8	6339.94	2104.47	321.58	423.424	1434.46
TCGA-EE-A3J8	1505.69	27094.7	1822.68	16306.3	4360.54	1085.0	498.963	831.605
TCGA-EE-A3JI	1009.98	20909.7	10885.5	4155.36	22.4439	1485.04	1417.21	410.973
TCGA-ER-A198	2402.99	20504.1	32310.6	2786.82	1133.77	1065.05	584.624	362.715
TCGA-ER-A19B	489.598	64985.8	14212.2	3265.95	3431.69	690.361	985.09	1362.69
TCGA-ER-A19C	1365.97	73528.1	11218.9	5281.69	2711.49	721.176	1212.12	2025.46
TCGA-ER-A19F	481.336	49549.3	14880.6	3135.95	986.247	200.393	797.642	671.513
TCGA-ER-A19K	1929.76	36649.1	10345.8	3014.59	1231.42	347.133	1095.35	266.373
TCGA-ER-A19L	1382.56	48958.3	16175.3	10260.7	1626.82	624.941	2202.53	941.866
TCGA-ER-A19T	553.708	40974.4	31901.1	3516.4	4639.1	342.921	641.348	1320.9
TCGA-ER-A19T	995.913	54343.0	6073.64	4682.15	677.983	2422.94	1116.79	1104.33
TCGA-ER-A2ND	1319.24	17535.8	2625.54	3288.18	2399.48	220.449	1623.38	1535.38
TCGA-ER-A2NE	646.25	27152.7	61144.0	7225.58	1717.06	281.147	5051.39	1004.78
TCGA-ER-A2NF	505.388	30531.2	9929.6	6493.53	878.951	428.879	644.397	114.942
TCGA-ER-A2NF	444.277	18940.5	8682.23	5567.77	1250.0	1058.73	192.771	111.822
TCGA-ER-A3ES	1042.28	21657.5	2618.31	3970.22	370.83	1147.59	400.532	572.446
TCGA-ER-A3PL	865.662	23843.4	12173.5	5232.57	1283.75	239.401	1067.77	4441.94
TCGA-ER-A42H	616.099	21719.4	3401.36	4132.58	979.296	777.644	1554.54	1995.73
TCGA-ER-A42K	573.524	26365.0	9753.07	2834.32	912.01	449.861	1110.58	1645.26
TCGA-FR-A2OS	1384.32	71338.2000000001	15356.1	4541.97	2576.08	339.314	803.529	1578.7
TCGA-FR-A3YN	940.937000000001	30736.7	33493.2	2780.62	1524.59	1067.79	7153.62	218.214
TCGA-FR-A3YO	429.073	146280.0	13813.0	5438.1	3120.3	511.779	1776.94	1290.23
TCGA-FR-A726	1338.13	55292.6	12660.1	3369.67	1561.61	1027.71	1699.38	2270.33
TCGA-FR-A7U8	291.956	55794.9	30435.9	7631.58	1343.1	389.275	1953.82	3854.02
TCGA-FR-A8YC	724.437	41246.7	19389.9	4084.34	728.481	947.429	2490.47	1056.61
TCGA-FR-A8YD	132.9	57492.0	18059.7	9392.79	2124.04	275.251	1311.87	711.164
TCGA-FS-A1YW	643.867	5546.53	6775.07	3351.2	601.447	337.06	3121.34	910.556
TCGA-FS-A1YX	914.696	26714.9	5708.48	2486.31	1217.38	553.548	2614.93	568.164
TCGA-FS-A1YY	2361.7	12930.3	11400.9	3477.06	598.821	1299.41	1562.93	1567.29
TCGA-FS-A1Z3	1053.05	26184.4	16517.0	4371.6	685.378	162.223	1446.25	1042.38
TCGA-FS-A1ZE	1560.32	25745.0	27012.7	3319.03	739.276	308.311	710.121	832.105
TCGA-FS-A1ZF	585.42	38465.3	6335.02	4634.55	2159.43	372.425	1182.25	6284.31
TCGA-FS-A1ZG	546.908	17654.9	6778.82	2907.82	547.728	284.25	401.777	311.035
TCGA-FS-A1ZJ	121.772	20689.5	14185.1	7080.24	916.201000000001	237.714	1365.07	5378.35
TCGA-FS-A1ZK	605.217	65395.3	42050.4	4301.75	3357.51	198.619	1049.84	2133.03
TCGA-FS-A1ZN	741.244	31227.7	6273.85	2313.1	425.121	346.618	1324.28	4005.43
TCGA-FS-A1ZQ	352.055	126366.0	30620.2	7330.85	3057.03	231.934	3445.09	2181.22
TCGA-FS-A1ZR	765.425	18397.5	7326.7	2391.81	984.077	603.639	559.284	522.605
TCGA-FS-A1ZT	895.049	25326.6	14493.0	1569.01	2204.74	188.377	2477.83	497.632
TCGA-FS-A1ZU	668.692	80723.4	25482.4	13392.5	4673.55	1025.11	4848.93	1482.79
TCGA-FS-A1ZY	663.89	38947.3	41515.1	5419.98	697.584	763.121	737.203	440.618
TCGA-FS-A1ZZ	669.527	42499.5	2199.61	4213.76	1839.54	397.159	498.105	2728.18
TCGA-FS-A4F0	932.609	19659.7	3926.3	1930.7	119.513	1298.49	386.727	870.063
TCGA-FS-A4F2	857.524	56764.8	7475.48	4590.59	2194.19	534.868	1398.4	6781.78
TCGA-FS-A4F5	802.271999999999	44974.4	17464.6	3015.48	2278.21	1756.54	14705.3	950.829
TCGA-FS-A4F9	2080.21	22197.3	7644.21	4054.5	2425.64	1737.86	1074.65	949.914
TCGA-FS-A4FB	640.675	48409.8	4956.18	3320.93	1511.99	599.184	630.912	2442.29
TCGA-FS-A4FC	1426.36	17597.2	3439.92	1897.01	413.408	1293.01	850.125	1599.81
TCGA-FW-A3I3	707.577	27016.0	8993.95	4889.72	2468.87	801.138	2724.3	1250.8
TCGA-FW-A3TU	535.303	70520.5	11796.9	6884.83	1356.65	278.793	2029.28	464.827
TCGA-FW-A3TV	2084.2	19978.5	6383.19	4330.54	1034.35	532.408	730.463	1157.31
TCGA-FW-A5DX	439.172	47514.1	7991.54	2656.37	2696.83	487.724	256.736	934.621
TCGA-GF-A2C7	1437.2	12716.9	65346.7	4891.49	1190.13	721.607	1549.19	970.579
TCGA-GF-A6C8	981.815	66661.2	4665.41	4033.79	2656.86	271.49	1522.41	1071.25
TCGA-GF-A769	635.298	46000.0	15961.2	2503.84	3306.11	453.68	755.401	4042.11
TCGA-GN-A262	1751.67	61922.5	18041.7	5310.08	2242.29	523.428	1543.89	2620.16
TCGA-GN-A263	5830.44	15502.0	390.797	2137.41	2734.32	1212.73	211.787	287.425
TCGA-GN-A267	454.433	28985.7	5663.98	7786.73	1763.79	1261.62	6169.25	520.769
TCGA-GN-A268	515.712	40202.2	14363.7	5508.07	585.965	817.515	708.828	885.248
TCGA-GN-A26D	1136.02	34420.3	11390.5	5848.3	1068.87	461.184	1586.21	2475.3
TCGA-GN-A4U3	700.444	58526.8	33853.0	5995.16	1421.07	994.752	747.275	3153.01
TCGA-GN-A4U4	1086.16	45133.6	30594.6	3445.2	981.524	873.718999999999	1236.95	156.424
TCGA-GN-A4U7	387.399	60664.1	8400.73	2338.57	1520.22	472.981	844.175000000001	770.746
TCGA-GN-A8LK	674.867	140104.0	9947.9	5752.53	3170.77	232.996	1538.35	2011.1
TCGA-GN-A8LL	167.957	83251.5000000001	5223.68	22008.5	2931.89	83.5913	670.279	665.635
TCGA-GN-A8LN	945.462000000001	17063.5	4460.59	2522.37	1167.02	1527.91	4887.09	4264.17
TCGA-HR-A5NC	1505.82	9854.05999999999	5553.75	2745.61	943.625	453.622	1744.0	649.169
TCGA-IH-A3EA	235.823	89999.5000000001	5076.19	3713.22	1572.82	475.643	1652.76	3999.0
TCGA-LH-A9QB	1217.26	18456.3	6920.87	1603.21	8228.85	437.915	3359.82	1349.21
TCGA-OD-A75X	1104.81	67658.4000000001	6960.95	2865.7	2055.57	275.656	1038.7	2113.89
TCGA-QB-AA9O	845.668	32034.3	5884.67	3129.69	2925.23	354.815	1985.69	838.508
TCGA-RP-A690	1309.66	11160.7	5727.81	2188.36	1304.24	1012.33	3472.88	448.718
TCGA-RP-A694	1086.59	46889.3	10960.9	5215.95	1897.88	513.236	2017.75	810.914
TCGA-RP-A695	669.374	45357.0	9631.03	2524.71	648.831	573.505	1191.09	884.653
TCGA-W3-AA1O	620.996	42280.1	15766.9	2511.03	1376.51	269.751	1745.55	455.872
TCGA-W3-AA1Q	1742.29	14501.4	6763.63	4069.86	637.741	878.449	1809.91	663.164
TCGA-W3-AA1R	536.585	64628.4	9345.56	3953.36	2923.27	280.577	1296.78	1346.27
TCGA-W3-AA21	310.219	66899.3999999999	8572.99	8036.5	395.725	533.368	2064.65	1079.25
TCGA-WE-A8JZ	790.061	29848.4	17295.0	2030.32	1185.93	682.67	1394.82	2059.38
TCGA-WE-A8K4	1437.82	50254.2	2522.26	2725.56	1223.5	487.839	1050.02	919.688
TCGA-WE-A8K5	1149.57	18207.1	5562.94	3418.03	728.827	802.253	1167.83	619.658
TCGA-WE-A8K6	500.274	29770.5	9699.0	3192.37	1463.12	2379.92	1778.36	3407.65
TCGA-WE-A8ZM	520.221	24673.1	35192.0	3799.06	2020.86	301.831	803.746	2530.01
TCGA-WE-A8ZO	1019.97	48028.0	12970.9	3348.68	1095.81	339.45	1149.35	1682.65
TCGA-WE-A8ZQ	851.232	28578.3	3080.55	2213.03	2335.39	969.19	1566.46	16366.6
TCGA-WE-A8ZR	677.72	68095.5	36217.0	1987.98	1951.83	363.258	638.322	1241.58
TCGA-WE-A8ZT	5330.91	20955.8	3052.19	1787.33	594.135	973.668	201.71	933.477
TCGA-WE-A8ZY	1075.25	39081.3	12941.2	2551.71	2734.66	633.737	951.855	582.739
TCGA-WE-AAA0	1231.65	49237.2	12875.6	2246.3	1165.79	550.481	1126.27	1238.24
TCGA-XV-A9W2	2099.5	55529.2	11919.8	3300.64	2494.51	457.234	3666.21	673.907
TCGA-XV-A9W5	688.034	51566.8	7146.37	1519.77	1843.48	531.517	2317.84	9813.03
TCGA-XV-AAZW	914.221	46153.5	8127.77	1855.08	1014.45	605.869	2125.96	1984.2
TCGA-XV-AAZY	304.959	76909.0	18530.0	3700.96	2048.11	621.762	3076.24	104.367
TCGA-YD-A89C	485.046	65398.8	9430.43	3495.45	8837.88	206.762	1708.28	1601.65
TCGA-YD-A9TB	1139.97	12665.2	4670.04	2275.68	656.732	372.006	829.697	494.412
TCGA-YG-AA3O	673.595	23099.3	5332.66	5109.59	2162.06	730.038	879.087	614.787
TCGA-YG-AA3P	948.322000000001	60169.4	7930.74	11647.3	1047.42	856.153	387.32	5167.29
TCGA-Z2-A8RT	932.17	24879.8	29653.9	2959.69	2763.57	231.395	980.233	250.0
TCGA-Z2-AA3S	535.676	29912.6	4320.54	4840.67	206.782	1553.17	603.931	414.429
